version 2
run General-1-20200903-16:32:26-18516
attr configname General
attr datetime 20200903-16:32:26
attr experiment General
attr inifile FairNetworkConf.ini
attr iterationvars "$nUser=3, $0=1"
attr iterationvarsf nUser=3,1-
attr measurement "$nUser=3, $0=1"
attr network FairNetwork
attr processid 18516
attr repetition 0
attr replication #0
attr resultdir results
attr runnumber 1
attr seedset 0
itervar nUser 3
param **.NUM_USER 3
param **.TIMESLOT 1000ms
param **.packetGenerator.senders[*].lambda 1

vector 0 FairNetwork.user[0] packetDelayStat:vector ETV
attr "" ""
attr source packetDelay
attr title "Packet delay, vector"
vector 1 FairNetwork.user[0] packetBytesStat:vector ETV
attr "" ""
attr source packetBytes
attr title "Packet bytes, vector"
vector 2 FairNetwork.user[0] userThroughputStat:vector ETV
attr "" ""
attr source userThroughput
attr title "User throughput, vector"
vector 3 FairNetwork.user[1] packetDelayStat:vector ETV
attr "" ""
attr source packetDelay
attr title "Packet delay, vector"
vector 4 FairNetwork.user[1] packetBytesStat:vector ETV
attr "" ""
attr source packetBytes
attr title "Packet bytes, vector"
vector 5 FairNetwork.user[1] userThroughputStat:vector ETV
attr "" ""
attr source userThroughput
attr title "User throughput, vector"
vector 6 FairNetwork.user[2] packetDelayStat:vector ETV
attr "" ""
attr source packetDelay
attr title "Packet delay, vector"
vector 7 FairNetwork.user[2] packetBytesStat:vector ETV
attr "" ""
attr source packetBytes
attr title "Packet bytes, vector"
vector 8 FairNetwork.user[2] userThroughputStat:vector ETV
attr "" ""
attr source userThroughput
attr title "User throughput, vector"
0	20	1	0.204125495434
0	30	2	0.30556510695
0	40	3	0.049634348903
0	63	5	0.190030136828
0	73	6	0.266807005357
0	102	8	0.315261669473
0	115	9	0.528060529491
0	175	12	0.121041562225
0	175	12	1.098047988618
0	175	12	1.649096475288
0	194	13	0.082882261561
0	213	14	0.022234900956
0	213	14	0.597754097839
0	226	15	0.669075761818
0	249	17	0.387166670689
0	249	17	0.445551339782
0	309	20	0.072254390761
0	328	21	0.270296144971
0	328	21	0.753898249919
0	347	22	0.62084979672
0	360	23	0.051953679097
0	386	25	0.379742478772
0	402	26	0.627068365459
0	418	27	0.133752945338
0	418	27	0.973185798238
0	440	28	0.634880936322
0	469	30	0.036626850473
0	504	32	0.154572230733
0	504	32	0.228257586198
0	523	33	0.651833208366
0	523	33	0.74299423449
0	545	34	0.127546974404
0	545	34	0.586795111659
0	545	34	0.607220700058
0	577	36	0.340059310965
0	634	39	0.189889382289
0	675	41	0.532874269987
0	675	41	0.684105123652
0	704	43	0.492560012045
0	742	45	0.451667796133
0	791	49	0.606445926991
0	804	50	0.964736754313
0	820	51	0.359497197251
0	855	53	0.126565662731
0	855	53	0.745495122358
0	868	54	0.391601241541
0	894	56	0.875065267551
0	910	57	0.613251916403
0	910	57	0.739126325841
0	920	58	0.338024214179
0	933	59	0.31659233983
0	949	60	0.289541464288
0	949	60	0.444271144788
0	971	61	0.518706805821
0	1010	64	0.624286327834
0	1026	65	0.20292164774
0	1048	66	0.353148195351
0	1048	66	0.465094355984
0	1061	67	0.175887773092
0	1061	67	0.817582475123
0	1083	68	0.662404138909
0	1083	68	0.868607420939
0	1105	69	0.174149313157
0	1134	71	0.22977670535
0	1134	71	0.838859128533
0	1153	72	0.000115481709
0	1153	72	0.145393509001
0	1153	72	0.985728214613
0	1166	73	0.589376101831
0	1166	73	0.981146912508
0	1179	74	0.465858673319
0	1179	74	0.627995162765
0	1195	75	0.267420064069
0	1195	75	0.518861996144
0	1214	76	0.307872086701
0	1233	77	0.819315037393
0	1281	80	0.941400016115
0	1310	82	0.612486641901
0	1326	83	0.467347687201
0	1351	84	0.424083115332
0	1351	84	0.869601610383
0	1370	85	0.474588531835
0	1383	86	0.900056125094
0	1403	88	0.5737050634
0	1422	89	0.210920747702
0	1422	89	0.273036038168
0	1422	89	0.377597263943
0	1474	93	0.710707063247
0	1490	94	0.611794595696
0	1506	95	0.552960464208
0	1534	96	0.01873024642
0	1534	96	0.254936952503
0	1534	96	0.442363018521
0	1556	97	0.437297529371
0	1556	97	0.575326217799
0	1566	98	0.04825483958
0	1607	100	0.281129255301
0	1607	100	0.733231315526
0	1607	100	1.669292875297
0	1629	101	0.004405748056
0	1629	101	0.043588904469
0	1629	101	0.888016697997
0	1645	102	0.427081437249
0	1673	103	0.421210432082
0	1732	108	0.966713585906
0	1771	111	0.773766943852
0	1787	112	0.374003903568
0	1787	112	0.608305422344
0	1787	112	1.666131835696
0	1812	113	0.190071112722
0	1812	113	0.365984658148
0	1881	119	0.829970762479
0	1897	120	0.771228047385
0	1925	121	0.072166983409
0	1925	121	0.607231660492
0	1925	121	0.899312193759
0	1941	122	0.444225402418
0	1957	123	0.520167392336
0	1957	123	0.800444400815
0	1976	124	0.370175862119
0	1976	124	0.543303318265
0	1992	125	0.840719222405
0	1992	125	0.957674632197
0	2005	126	0.717550920872
0	2027	127	0.119210611096
0	2027	127	0.267922880348
0	2027	127	0.649478723722
0	2068	129	0.393694681316
0	2068	129	0.612575277823
0	2119	132	0.406504789464
0	2132	133	0.946490831724
0	2145	134	0.860221450846
0	2164	135	0.024080333173
0	2164	135	0.126225214698
0	2164	135	0.139889793129
0	2174	136	0.048978399017
0	2203	138	0.229159479733
0	2216	139	0.00831033867
0	2216	139	0.109345113979
0	2265	143	0.434721966326
0	2332	147	0.685690506742
0	2361	149	0.58036920595
0	2380	150	0.235449016221
0	2380	150	0.948032609554
0	2432	154	0.416194805293
0	2432	154	0.473521731717
0	2457	155	0.487716308392
0	2470	156	0.887769421751
0	2498	157	0.483357722395
0	2498	157	0.523334021453
0	2498	157	0.543524149599
0	2517	158	0.568069092564
0	2517	158	0.900479333528
0	2578	162	0.676498969719
0	2597	163	0.096200368743
0	2597	163	0.751846653107
0	2597	163	1.103022742488
0	2597	163	1.548442204408
0	2613	164	0.969811732318
0	2632	165	0.420237256907
0	2632	165	0.802938205769
0	2661	167	0.296000059905
0	2693	169	1.761115684148
0	2709	170	0.190906499581
0	2709	170	0.257203901063
0	2725	171	0.946511051499
0	2741	172	0.767321524434
0	2760	173	0.098380476398
0	2760	173	0.934478008368
0	2780	175	0.095139953891
0	2796	176	0.075477176576
0	2796	176	0.786725113793
0	2815	177	0.334718226129
0	2857	180	0.750485560734
0	2857	180	0.849135869152
0	2892	182	0.210181052775
0	2908	183	0.265514929361
0	2908	183	0.352285411701
0	2941	186	0.290918585156
0	2941	186	0.616259000685
0	2966	187	0.897957620393
0	2966	187	0.907358371057
0	2982	188	0.797111710302
0	3014	190	0.808453345739
0	3014	190	0.9497840593
0	3030	191	0.76667269156
0	3046	192	0.506738881451
0	3081	194	0.016284519176
0	3081	194	0.323802242938
0	3081	194	0.665456409964
0	3097	195	0.306733957352
0	3097	195	0.813934080609
0	3110	196	0.423604915393
0	3132	197	0.418242804811
0	3132	197	0.598495056796
0	3132	197	0.618807515592
0	3176	199	0.027722789631
0	3176	199	0.186064295862
0	3176	199	0.190770836354
0	3176	199	0.652501732398
0	3202	201	0.052005615511
0	3202	201	0.895088647659
0	3221	202	0.737283954656
0	3234	203	0.520775301219
0	3253	204	0.192017427469
0	3263	205	0.851670689234
0	3314	208	0.008623358039
0	3314	208	0.576527511519
0	3327	209	0.722602385531
0	3340	210	0.311577976237
0	3356	211	0.453185008408
0	3375	212	0.052250331034
0	3375	212	0.94884120182
0	3429	215	0.788516755173
0	3439	216	0.939295943609
0	3455	217	0.668217220699
0	3455	217	0.92063721359
0	3478	219	0.446710322225
0	3517	222	0.394428665341
0	3533	223	0.254820701808
0	3549	224	0.662196674356
0	3556	225	1.065817280026
0	3575	226	0.192357400169
0	3621	230	0.349350816925
0	3637	231	0.023585602316
0	3637	231	0.147112249678
0	3656	232	0.670565469042
0	3669	233	0.213746910478
0	3704	235	0.002102209315
0	3704	235	0.532824705932
0	3720	236	0.49708346156
0	3733	237	0.371801444716
0	3756	239	0.242302048648
0	3781	240	0.084355746252
0	3781	240	0.954891572578
0	3797	241	0.708616903845
0	3841	243	0.573786453862
0	3886	246	0.209416000811
0	3902	247	0.030033067166
0	3921	248	0.142171656729
0	3947	250	0.850262387928
0	3966	251	0.076628042892
0	3966	251	0.772427503792
0	3982	252	0.314760271596
0	4033	255	0.189291913938
0	4046	256	0.927234672263
0	4074	257	0.392126863357
0	4074	257	0.894437661618
0	4084	258	0.840730873223
0	4097	259	0.876277307729
0	4128	260	0.280389937651
0	4128	260	0.299769718999
0	4128	260	0.943874427322
0	4156	261	0.28633500615
0	4156	261	0.64526222202
0	4178	262	0.027291488886
0	4210	264	0.26570693295
0	4210	264	0.608306557648
0	4210	264	0.94797129023
0	4229	265	0.782071246361
0	4245	266	0.81969619059
0	4264	267	0.436716984053
0	4283	268	0.876755913979
0	4330	270	0.064040345264
0	4330	270	0.160963099841
0	4330	270	0.515187232086
0	4330	270	0.623734330581
0	4330	270	0.769308309029
0	4343	271	0.220151872673
0	4356	272	0.783123858899
0	4372	273	0.086842794834
0	4372	273	0.889394780593
0	4394	274	0.198559640833
0	4394	274	0.232763059191
0	4404	275	0.139550255452
0	4474	279	0.66701477617
0	4493	280	0.224035075361
0	4493	280	0.61116516751
0	4521	281	0.409343079262
0	4521	281	0.65942457424
0	4541	283	0.14070908657
0	4566	284	0.427921962505
0	4566	284	0.530242577358
0	4566	284	0.988415461316
0	4582	285	0.855460411077
0	4643	289	0.717650650567
0	4681	291	0.191170080119
0	4681	291	0.492735993342
0	4707	293	0.550272502192
0	4748	295	0.563176147309
0	4748	295	1.780195642646
0	4788	296	0.758608169756
0	4788	296	0.863490005356
0	4788	296	0.969102648985
0	4817	298	0.239326039673
0	4830	299	0.804980383729
0	4846	300	0.552372858817
1	20	1	25
1	30	2	4
1	40	3	57
1	63	5	73
1	73	6	1
1	102	8	22
1	115	9	20
1	175	12	11
1	175	12	42
1	175	12	75
1	194	13	22
1	213	14	21
1	213	14	39
1	226	15	45
1	249	17	15
1	249	17	40
1	309	20	27
1	328	21	67
1	328	21	23
1	347	22	3
1	360	23	64
1	386	25	61
1	402	26	2
1	418	27	70
1	418	27	52
1	440	28	30
1	469	30	25
1	504	32	8
1	504	32	63
1	523	33	34
1	523	33	44
1	545	34	21
1	545	34	38
1	545	34	49
1	577	36	50
1	634	39	22
1	675	41	55
1	675	41	29
1	704	43	1
1	742	45	65
1	791	49	19
1	804	50	64
1	820	51	38
1	855	53	57
1	855	53	57
1	868	54	72
1	894	56	38
1	910	57	34
1	910	57	47
1	920	58	2
1	933	59	75
1	949	60	33
1	949	60	17
1	971	61	17
1	1010	64	19
1	1026	65	56
1	1048	66	38
1	1048	66	14
1	1061	67	49
1	1061	67	31
1	1083	68	34
1	1083	68	62
1	1105	69	53
1	1134	71	29
1	1134	71	3
1	1153	72	49
1	1153	72	45
1	1153	72	37
1	1166	73	75
1	1166	73	60
1	1179	74	22
1	1179	74	55
1	1195	75	40
1	1195	75	57
1	1214	76	30
1	1233	77	33
1	1281	80	49
1	1310	82	10
1	1326	83	34
1	1351	84	56
1	1351	84	61
1	1370	85	12
1	1383	86	11
1	1403	88	69
1	1422	89	20
1	1422	89	45
1	1422	89	45
1	1474	93	17
1	1490	94	40
1	1506	95	51
1	1534	96	46
1	1534	96	36
1	1534	96	66
1	1556	97	2
1	1556	97	53
1	1566	98	19
1	1607	100	21
1	1607	100	3
1	1607	100	64
1	1629	101	8
1	1629	101	23
1	1629	101	63
1	1645	102	58
1	1673	103	44
1	1732	108	33
1	1771	111	61
1	1787	112	54
1	1787	112	28
1	1787	112	17
1	1812	113	21
1	1812	113	9
1	1881	119	9
1	1897	120	25
1	1925	121	27
1	1925	121	10
1	1925	121	20
1	1941	122	51
1	1957	123	6
1	1957	123	61
1	1976	124	33
1	1976	124	10
1	1992	125	45
1	1992	125	14
1	2005	126	72
1	2027	127	73
1	2027	127	43
1	2027	127	37
1	2068	129	25
1	2068	129	27
1	2119	132	21
1	2132	133	63
1	2145	134	45
1	2164	135	33
1	2164	135	18
1	2164	135	31
1	2174	136	54
1	2203	138	40
1	2216	139	33
1	2216	139	61
1	2265	143	34
1	2332	147	52
1	2361	149	12
1	2380	150	52
1	2380	150	18
1	2432	154	14
1	2432	154	72
1	2457	155	69
1	2470	156	64
1	2498	157	61
1	2498	157	14
1	2498	157	42
1	2517	158	37
1	2517	158	48
1	2578	162	56
1	2597	163	29
1	2597	163	13
1	2597	163	71
1	2597	163	57
1	2613	164	11
1	2632	165	36
1	2632	165	12
1	2661	167	50
1	2693	169	73
1	2709	170	12
1	2709	170	35
1	2725	171	60
1	2741	172	5
1	2760	173	57
1	2760	173	1
1	2780	175	46
1	2796	176	22
1	2796	176	72
1	2815	177	35
1	2857	180	43
1	2857	180	30
1	2892	182	8
1	2908	183	40
1	2908	183	31
1	2941	186	50
1	2941	186	58
1	2966	187	22
1	2966	187	45
1	2982	188	42
1	3014	190	35
1	3014	190	72
1	3030	191	16
1	3046	192	23
1	3081	194	41
1	3081	194	37
1	3081	194	46
1	3097	195	10
1	3097	195	53
1	3110	196	20
1	3132	197	13
1	3132	197	55
1	3132	197	70
1	3176	199	53
1	3176	199	25
1	3176	199	36
1	3176	199	27
1	3202	201	24
1	3202	201	44
1	3221	202	51
1	3234	203	19
1	3253	204	65
1	3263	205	72
1	3314	208	33
1	3314	208	54
1	3327	209	27
1	3340	210	4
1	3356	211	38
1	3375	212	24
1	3375	212	22
1	3429	215	19
1	3439	216	35
1	3455	217	71
1	3455	217	7
1	3478	219	20
1	3517	222	61
1	3533	223	40
1	3549	224	65
1	3556	225	61
1	3575	226	13
1	3621	230	41
1	3637	231	43
1	3637	231	5
1	3656	232	59
1	3669	233	22
1	3704	235	36
1	3704	235	1
1	3720	236	22
1	3733	237	69
1	3756	239	70
1	3781	240	71
1	3781	240	42
1	3797	241	46
1	3841	243	33
1	3886	246	66
1	3902	247	72
1	3921	248	68
1	3947	250	26
1	3966	251	23
1	3966	251	27
1	3982	252	12
1	4033	255	31
1	4046	256	4
1	4074	257	47
1	4074	257	71
1	4084	258	48
1	4097	259	15
1	4128	260	35
1	4128	260	61
1	4128	260	6
1	4156	261	39
1	4156	261	66
1	4178	262	51
1	4210	264	30
1	4210	264	19
1	4210	264	60
1	4229	265	64
1	4245	266	22
1	4264	267	27
1	4283	268	13
1	4330	270	8
1	4330	270	37
1	4330	270	31
1	4330	270	18
1	4330	270	24
1	4343	271	75
1	4356	272	26
1	4372	273	52
1	4372	273	11
1	4394	274	54
1	4394	274	2
1	4404	275	13
1	4474	279	69
1	4493	280	63
1	4493	280	4
1	4521	281	50
1	4521	281	35
1	4541	283	43
1	4566	284	22
1	4566	284	5
1	4566	284	61
1	4582	285	73
1	4643	289	20
1	4681	291	19
1	4681	291	2
1	4707	293	70
1	4748	295	50
1	4748	295	56
1	4788	296	20
1	4788	296	75
1	4788	296	4
1	4817	298	40
1	4830	299	45
1	4846	300	7
2	20	1	25
2	30	2	4
2	40	3	57
2	50	4	0
2	63	5	73
2	73	6	1
2	83	7	0
2	102	8	22
2	115	9	20
2	134	10	0
2	162	11	0
2	175	12	128
2	194	13	22
2	213	14	60
2	226	15	45
2	236	16	0
2	249	17	55
2	265	18	0
2	284	19	0
2	309	20	27
2	328	21	90
2	347	22	3
2	360	23	64
2	370	24	0
2	386	25	61
2	402	26	2
2	418	27	122
2	440	28	30
2	450	29	0
2	469	30	25
2	485	31	0
2	504	32	71
2	523	33	78
2	545	34	108
2	558	35	0
2	577	36	50
2	596	37	0
2	618	38	0
2	634	39	22
2	653	40	0
2	675	41	84
2	685	42	0
2	704	43	1
2	720	44	0
2	742	45	65
2	752	46	0
2	765	47	0
2	778	48	0
2	791	49	19
2	804	50	64
2	820	51	38
2	830	52	0
2	855	53	114
2	868	54	72
2	884	55	0
2	894	56	38
2	910	57	81
2	920	58	2
2	933	59	75
2	949	60	50
2	971	61	17
2	984	62	0
2	994	63	0
2	1010	64	19
2	1026	65	56
2	1048	66	52
2	1061	67	80
2	1083	68	96
2	1105	69	53
2	1115	70	0
2	1134	71	32
2	1153	72	131
2	1166	73	135
2	1179	74	77
2	1195	75	97
2	1214	76	30
2	1233	77	33
2	1255	78	0
2	1268	79	0
2	1281	80	49
2	1297	81	0
2	1310	82	10
2	1326	83	34
2	1351	84	117
2	1370	85	12
2	1383	86	11
2	1390	87	0
2	1403	88	69
2	1422	89	110
2	1435	90	0
2	1442	91	0
2	1458	92	0
2	1474	93	17
2	1490	94	40
2	1506	95	51
2	1534	96	148
2	1556	97	55
2	1566	98	19
2	1579	99	0
2	1607	100	88
2	1629	101	94
2	1645	102	58
2	1673	103	44
2	1689	104	0
2	1702	105	0
2	1709	106	0
2	1716	107	0
2	1732	108	33
2	1739	109	0
2	1752	110	0
2	1771	111	61
2	1787	112	99
2	1812	113	30
2	1822	114	0
2	1835	115	0
2	1842	116	0
2	1855	117	0
2	1862	118	0
2	1881	119	9
2	1897	120	25
2	1925	121	57
2	1941	122	51
2	1957	123	67
2	1976	124	43
2	1992	125	59
2	2005	126	72
2	2027	127	153
2	2043	128	0
2	2068	129	52
2	2084	130	0
2	2097	131	0
2	2119	132	21
2	2132	133	63
2	2145	134	45
2	2164	135	82
2	2174	136	54
2	2181	137	0
2	2203	138	40
2	2216	139	94
2	2229	140	0
2	2242	141	0
2	2252	142	0
2	2265	143	34
2	2287	144	0
2	2303	145	0
2	2313	146	0
2	2332	147	52
2	2342	148	0
2	2361	149	12
2	2380	150	70
2	2390	151	0
2	2400	152	0
2	2416	153	0
2	2432	154	86
2	2457	155	69
2	2470	156	64
2	2498	157	117
2	2517	158	85
2	2527	159	0
2	2540	160	0
2	2556	161	0
2	2578	162	56
2	2597	163	170
2	2613	164	11
2	2632	165	48
2	2645	166	0
2	2661	167	50
2	2674	168	0
2	2693	169	73
2	2709	170	47
2	2725	171	60
2	2741	172	5
2	2760	173	58
2	2770	174	0
2	2780	175	46
2	2796	176	94
2	2815	177	35
2	2828	178	0
2	2841	179	0
2	2857	180	73
2	2870	181	0
2	2892	182	8
2	2908	183	71
2	2921	184	0
2	2928	185	0
2	2941	186	108
2	2966	187	67
2	2982	188	42
2	2992	189	0
2	3014	190	107
2	3030	191	16
2	3046	192	23
2	3059	193	0
2	3081	194	124
2	3097	195	63
2	3110	196	20
2	3132	197	138
2	3148	198	0
2	3176	199	141
2	3183	200	0
2	3202	201	68
2	3221	202	51
2	3234	203	19
2	3253	204	65
2	3263	205	72
2	3279	206	0
2	3295	207	0
2	3314	208	87
2	3327	209	27
2	3340	210	4
2	3356	211	38
2	3375	212	46
2	3385	213	0
2	3407	214	0
2	3429	215	19
2	3439	216	35
2	3455	217	78
2	3465	218	0
2	3478	219	20
2	3494	220	0
2	3504	221	0
2	3517	222	61
2	3533	223	40
2	3549	224	65
2	3556	225	61
2	3575	226	13
2	3591	227	0
2	3601	228	0
2	3611	229	0
2	3621	230	41
2	3637	231	48
2	3656	232	59
2	3669	233	22
2	3685	234	0
2	3704	235	37
2	3720	236	22
2	3733	237	69
2	3743	238	0
2	3756	239	70
2	3781	240	113
2	3797	241	46
2	3810	242	0
2	3841	243	33
2	3860	244	0
2	3867	245	0
2	3886	246	66
2	3902	247	72
2	3921	248	68
2	3931	249	0
2	3947	250	26
2	3966	251	50
2	3982	252	12
2	3995	253	0
2	4017	254	0
2	4033	255	31
2	4046	256	4
2	4074	257	118
2	4084	258	48
2	4097	259	15
2	4128	260	102
2	4156	261	105
2	4178	262	51
2	4191	263	0
2	4210	264	109
2	4229	265	64
2	4245	266	22
2	4264	267	27
2	4283	268	13
2	4299	269	0
2	4330	270	118
2	4343	271	75
2	4356	272	26
2	4372	273	63
2	4394	274	56
2	4404	275	13
2	4417	276	0
2	4430	277	0
2	4455	278	0
2	4474	279	69
2	4493	280	67
2	4521	281	85
2	4531	282	0
2	4541	283	43
2	4566	284	88
2	4582	285	73
2	4595	286	0
2	4608	287	0
2	4627	288	0
2	4643	289	20
2	4668	290	0
2	4681	291	21
2	4697	292	0
2	4707	293	70
2	4729	294	0
2	4748	295	106
2	4788	296	99
2	4801	297	0
2	4817	298	40
2	4830	299	45
2	4846	300	7
3	21	1	0.460394173488
3	84	7	0.587669312507
3	103	8	0.313544074347
3	163	11	0.119830520328
3	163	11	0.479843268184
3	163	11	0.616951848777
3	163	11	0.6170662364
3	266	18	0.012006635765
3	266	18	0.170716232991
3	285	19	0.140675794912
3	285	19	0.645818805586
3	285	19	0.742702678089
3	310	20	0.019707524355
3	310	20	0.443684003162
3	310	20	0.934561160948
3	348	22	0.406361646037
3	348	22	0.911814178509
3	387	25	0.664665630365
3	403	26	0.890705860089
3	419	27	0.017882193218
3	441	28	0.098723621934
3	441	28	0.474542814592
3	470	30	0.199354220648
3	470	30	0.942843911326
3	486	31	0.384626349544
3	486	31	0.970629814055
3	524	33	0.019113203328
3	524	33	0.279929053267
3	546	34	0.22688532326
3	546	34	0.991343575711
3	559	35	0.11680500471
3	619	38	0.1237474747
3	619	38	0.663838524489
3	635	39	0.512724263692
3	654	40	0.694716952312
3	676	41	1.13137172097
3	686	42	1.980098803298
3	705	43	0.181120192015
3	721	44	0.96034697513
3	743	45	0.453514226137
3	766	47	0.840346534878
3	779	48	0.581669323703
3	821	51	0.131442236417
3	856	53	0.034689015698
3	856	53	0.132082254823
3	856	53	0.508120877238
3	885	55	0.855985513154
3	895	56	1.125857808019
3	911	57	0.03524088506
3	934	59	0.032610407984
3	985	62	0.78255453877
3	995	63	0.015603320178
3	1011	64	0.926723791587
3	1027	65	0.11725950181
3	1027	65	0.157097380965
3	1049	66	0.551166046207
3	1049	66	0.61223666437
3	1049	66	0.798361953328
3	1084	68	0.446263061577
3	1106	69	0.232473678487
3	1106	69	0.335999030643
3	1116	70	0.333370597075
3	1135	71	0.786731904988
3	1154	72	0.673044277221
3	1196	75	0.505585354768
3	1215	76	0.213137686152
3	1215	76	0.974917708707
3	1234	77	0.993050841436
3	1256	78	0.473825434044
3	1256	78	0.815794250517
3	1269	79	0.941444755282
3	1269	79	1.094735959639
3	1282	80	0.781485886961
3	1298	81	0.252177728273
3	1327	83	0.452633999274
3	1352	84	0.867462466758
3	1352	84	0.90223126682
3	1352	84	0.920688844819
3	1371	85	0.480590689401
3	1384	86	0.502344807808
3	1436	90	0.005034139455
3	1459	92	0.924352949443
3	1475	93	0.190841510927
3	1475	93	0.5453691883
3	1491	94	0.861720597865
3	1507	95	1.270887195159
3	1535	96	0.277330411848
3	1535	96	0.353525054907
3	1535	96	0.462476467999
3	1535	96	0.713665323531
3	1557	97	0.049873492974
3	1557	97	0.683316050864
3	1608	100	0.208702736246
3	1608	100	0.55629638776
3	1608	100	0.65741287645
3	1674	103	0.265923610464
3	1674	103	0.405218516428
3	1674	103	0.532473048411
3	1674	103	0.871834936328
3	1690	104	0.521905397904
3	1703	105	0.279219089001
3	1703	105	1.415021010125
3	1703	105	1.502348442848
3	1733	108	0.554188334082
3	1733	108	0.79197369428
3	1753	110	0.141248275965
3	1788	112	0.801037821348
3	1788	112	1.477471769886
3	1788	112	1.832619467624
3	1813	113	0.03368481111
3	1813	113	0.86819287732
3	1813	113	0.923031971044
3	1823	114	0.180092768126
3	1836	115	0.06965706455
3	1836	115	0.228334642908
3	1882	119	0.043936904312
3	1882	119	0.933842644982
3	1926	121	0.167698260177
3	1926	121	0.275655957194
3	1926	121	0.538340320773
3	1926	121	1.74150798784
3	1942	122	0.40531140723
3	1958	123	0.870780373846
3	2006	126	0.876284663597
3	2028	127	0.01144410116
3	2028	127	0.690805924851
3	2044	128	0.47670264994
3	2069	129	0.647623249556
3	2069	129	0.698867554439
3	2085	130	0.197387065185
3	2098	131	0.38333355105
3	2098	131	0.429739570829
3	2120	132	0.142516914085
3	2120	132	0.293300409532
3	2133	133	0.419139144129
3	2165	135	0.846979775327
3	2204	138	0.040413373235
3	2204	138	0.923644251357
3	2204	138	0.953898696404
3	2243	141	0.893759046348
3	2266	143	0.55656270623
3	2288	144	0.036256853917
3	2288	144	0.630428186802
3	2288	144	0.778318987072
3	2304	145	0.886275071518
3	2333	147	0.659392185554
3	2343	148	0.012297625303
3	2362	149	0.031189314271
3	2362	149	0.538150471226
3	2381	150	0.077331422631
3	2381	150	0.258079251049
3	2391	151	0.02091940906
3	2433	154	0.396632358927
3	2458	155	0.94837296348
3	2471	156	0.674702975038
3	2471	156	1.521021293591
3	2499	157	0.28515491608
3	2518	158	0.269495463365
3	2541	160	0.839840392121
3	2541	160	0.974875635868
3	2579	162	0.691639453824
3	2598	163	0.519796287906
3	2614	164	0.542501564578
3	2633	165	0.499089151609
3	2646	166	0.109017918234
3	2662	167	0.243066936659
3	2662	167	0.67215642375
3	2694	169	0.046893435881
3	2694	169	0.487775977127
3	2694	169	0.802387951181
3	2742	172	0.78462254084
3	2761	173	0.387112113277
3	2771	174	0.828336389382
3	2797	176	0.696827957622
3	2842	179	0.337242539646
3	2842	179	0.348980353364
3	2858	180	0.248259248135
3	2871	181	0.558886795477
3	2893	182	0.388293267226
3	2893	182	0.510173902709
3	2893	182	0.586830362127
3	2922	184	0.842057950005
3	2967	187	0.192599669518
3	2967	187	0.790276925144
3	2967	187	0.85648866074
3	2983	188	0.753613408224
3	2993	189	0.889939776616
3	3031	191	0.045434808711
3	3047	192	0.043236472591
3	3047	192	0.520955049863
3	3060	193	0.772703869149
3	3082	194	0.333345943722
3	3133	197	0.996381428581
3	3149	198	0.5197465387
3	3177	199	0.305687838992
3	3177	199	0.30856229104
3	3177	199	0.667182698324
3	3203	201	0.824031065992
3	3222	202	0.302478144985
3	3222	202	0.697960599175
3	3222	202	0.863932332685
3	3235	203	0.438224842225
3	3254	204	0.680393285921
3	3254	204	0.689442098701
3	3280	206	0.509344263288
3	3296	207	0.274766115859
3	3315	208	0.196647868799
3	3315	208	0.832735938942
3	3357	211	0.804847384968
3	3376	212	0.358409861548
3	3386	213	0.381944096086
3	3408	214	0.751973224228
3	3430	215	1.422682236415
3	3430	215	1.73602549161
3	3456	217	0.771429564802
3	3479	219	0.989466417854
3	3495	220	0.815385954864
3	3505	221	1.013929607518
3	3576	226	0.01826821655
3	3576	226	0.090926541986
3	3592	227	0.042057762463
3	3592	227	0.189555662753
3	3592	227	0.829114762627
3	3612	229	0.684293219617
3	3657	232	0.774111382493
3	3657	232	0.987250243135
3	3670	233	0.580688852163
3	3686	234	0.956486394541
3	3705	235	0.217982454299
3	3705	235	1.626371318575
3	3705	235	1.888207367956
3	3721	236	0.508202640121
3	3734	237	0.106282050169
3	3744	238	0.872370344485
3	3782	240	0.257540535762
3	3782	240	0.308101725297
3	3798	241	0.014394526713
3	3811	242	0.150095084328
3	3811	242	0.282793637937
3	3842	243	0.961016723293
3	3861	244	0.164041621833
3	3861	244	0.271777436745
3	3861	244	0.554420320421
3	3861	244	1.267383095873
3	3861	244	1.296097938134
3	3861	244	1.409675799812
3	3861	244	1.436236417962
3	3861	244	1.940936322729
3	3903	247	0.08305217896
3	3903	247	0.857043031112
3	3903	247	1.197729099172
3	3922	248	0.819401084424
3	3932	249	1.014602590703
3	3983	252	0.582907063565
3	4018	254	0.737551271196
3	4034	255	0.589318467974
3	4034	255	0.685340985805
3	4034	255	1.012711918152
3	4034	255	1.278792365066
3	4034	255	1.411379423263
3	4047	256	0.708010472304
3	4075	257	0.86388537174
3	4129	260	0.370712636394
3	4157	261	0.00622931405
3	4157	261	0.829554020082
3	4179	262	0.528788092822
3	4179	262	0.547611435643
3	4211	264	0.852168319966
3	4230	265	0.2395620281
3	4246	266	0.6321747515
3	4246	266	0.897409687807
3	4265	267	0.368481659254
3	4300	269	0.722871388029
3	4331	270	0.28287960764
3	4331	270	0.773674926664
3	4344	271	0.726167408786
3	4373	273	0.734430084352
3	4395	274	0.340615640856
3	4418	276	0.965768946251
3	4431	277	0.035723168563
3	4431	277	0.595008227827
3	4431	277	1.407480165851
3	4456	278	0.082143068
3	4456	278	0.211504254988
3	4456	278	0.377958546109
3	4456	278	0.439746395031
3	4456	278	0.889013636252
3	4532	282	1.268922088862
3	4532	282	1.314496896317
3	4567	284	0.673370042077
3	4567	284	0.787092222867
3	4583	285	0.150300345943
3	4596	286	0.894492401487
3	4609	287	0.936522686049
3	4628	288	0.651624605304
3	4628	288	0.688288004301
3	4644	289	0.831287075373
3	4669	290	0.19405644083
3	4669	290	0.54270577896
3	4669	290	0.617401613346
3	4669	290	0.756398902865
3	4669	290	0.769034377298
3	4730	294	0.326838873993
3	4730	294	0.774399842099
3	4749	295	0.487276603739
3	4789	296	0.40624185496
3	4789	296	0.571278253301
3	4789	296	0.862066139398
3	4789	296	0.93891370473
3	4789	296	1.166182303735
3	4802	297	0.044344034138
3	4818	298	0.650615307678
3	4818	298	0.86806196735
4	21	1	47
4	84	7	56
4	103	8	70
4	163	11	10
4	163	11	51
4	163	11	73
4	163	11	2
4	266	18	56
4	266	18	59
4	285	19	37
4	285	19	58
4	285	19	56
4	310	20	39
4	310	20	45
4	310	20	51
4	348	22	4
4	348	22	53
4	387	25	1
4	403	26	56
4	419	27	22
4	441	28	74
4	441	28	22
4	470	30	57
4	470	30	39
4	486	31	47
4	486	31	67
4	524	33	9
4	524	33	31
4	546	34	67
4	546	34	50
4	559	35	59
4	619	38	41
4	619	38	33
4	635	39	43
4	654	40	46
4	676	41	34
4	686	42	33
4	705	43	29
4	721	44	4
4	743	45	58
4	766	47	51
4	779	48	18
4	821	51	74
4	856	53	24
4	856	53	49
4	856	53	60
4	885	55	23
4	895	56	68
4	911	57	63
4	934	59	63
4	985	62	24
4	995	63	57
4	1011	64	71
4	1027	65	74
4	1027	65	72
4	1049	66	37
4	1049	66	54
4	1049	66	56
4	1084	68	60
4	1106	69	9
4	1106	69	52
4	1116	70	38
4	1135	71	73
4	1154	72	60
4	1196	75	55
4	1215	76	5
4	1215	76	31
4	1234	77	55
4	1256	78	32
4	1256	78	9
4	1269	79	18
4	1269	79	41
4	1282	80	10
4	1298	81	54
4	1327	83	69
4	1352	84	4
4	1352	84	60
4	1352	84	63
4	1371	85	5
4	1384	86	40
4	1436	90	55
4	1459	92	71
4	1475	93	68
4	1475	93	41
4	1491	94	54
4	1507	95	23
4	1535	96	44
4	1535	96	61
4	1535	96	28
4	1535	96	18
4	1557	97	14
4	1557	97	16
4	1608	100	8
4	1608	100	11
4	1608	100	1
4	1674	103	53
4	1674	103	53
4	1674	103	60
4	1674	103	64
4	1690	104	65
4	1703	105	50
4	1703	105	43
4	1703	105	47
4	1733	108	36
4	1733	108	32
4	1753	110	31
4	1788	112	75
4	1788	112	4
4	1788	112	66
4	1813	113	52
4	1813	113	8
4	1813	113	21
4	1823	114	11
4	1836	115	16
4	1836	115	42
4	1882	119	4
4	1882	119	42
4	1926	121	53
4	1926	121	8
4	1926	121	24
4	1926	121	75
4	1942	122	29
4	1958	123	65
4	2006	126	38
4	2028	127	26
4	2028	127	33
4	2044	128	38
4	2069	129	74
4	2069	129	6
4	2085	130	75
4	2098	131	30
4	2098	131	25
4	2120	132	62
4	2120	132	37
4	2133	133	3
4	2165	135	20
4	2204	138	17
4	2204	138	29
4	2204	138	23
4	2243	141	52
4	2266	143	28
4	2288	144	52
4	2288	144	39
4	2288	144	41
4	2304	145	63
4	2333	147	8
4	2343	148	28
4	2362	149	5
4	2362	149	50
4	2381	150	13
4	2381	150	4
4	2391	151	27
4	2433	154	71
4	2458	155	58
4	2471	156	51
4	2471	156	36
4	2499	157	16
4	2518	158	36
4	2541	160	29
4	2541	160	35
4	2579	162	54
4	2598	163	3
4	2614	164	24
4	2633	165	22
4	2646	166	38
4	2662	167	9
4	2662	167	74
4	2694	169	30
4	2694	169	45
4	2694	169	63
4	2742	172	54
4	2761	173	21
4	2771	174	55
4	2797	176	67
4	2842	179	20
4	2842	179	66
4	2858	180	56
4	2871	181	21
4	2893	182	20
4	2893	182	24
4	2893	182	49
4	2922	184	41
4	2967	187	5
4	2967	187	38
4	2967	187	50
4	2983	188	20
4	2993	189	58
4	3031	191	16
4	3047	192	31
4	3047	192	38
4	3060	193	55
4	3082	194	55
4	3133	197	30
4	3149	198	38
4	3177	199	29
4	3177	199	3
4	3177	199	30
4	3203	201	70
4	3222	202	9
4	3222	202	72
4	3222	202	6
4	3235	203	43
4	3254	204	58
4	3254	204	42
4	3280	206	17
4	3296	207	20
4	3315	208	49
4	3315	208	8
4	3357	211	21
4	3376	212	40
4	3386	213	72
4	3408	214	18
4	3430	215	49
4	3430	215	68
4	3456	217	40
4	3479	219	60
4	3495	220	31
4	3505	221	66
4	3576	226	70
4	3576	226	32
4	3592	227	29
4	3592	227	68
4	3592	227	29
4	3612	229	17
4	3657	232	40
4	3657	232	10
4	3670	233	28
4	3686	234	58
4	3705	235	72
4	3705	235	59
4	3705	235	55
4	3721	236	3
4	3734	237	8
4	3744	238	42
4	3782	240	50
4	3782	240	47
4	3798	241	3
4	3811	242	23
4	3811	242	74
4	3842	243	24
4	3861	244	1
4	3861	244	46
4	3861	244	39
4	3861	244	17
4	3861	244	4
4	3861	244	34
4	3861	244	41
4	3861	244	70
4	3903	247	20
4	3903	247	22
4	3903	247	70
4	3922	248	22
4	3932	249	29
4	3983	252	11
4	4018	254	32
4	4034	255	10
4	4034	255	61
4	4034	255	66
4	4034	255	13
4	4034	255	42
4	4047	256	11
4	4075	257	64
4	4129	260	59
4	4157	261	42
4	4157	261	29
4	4179	262	44
4	4179	262	2
4	4211	264	55
4	4230	265	28
4	4246	266	19
4	4246	266	49
4	4265	267	57
4	4300	269	13
4	4331	270	17
4	4331	270	74
4	4344	271	43
4	4373	273	66
4	4395	274	38
4	4418	276	70
4	4431	277	43
4	4431	277	45
4	4431	277	24
4	4456	278	68
4	4456	278	46
4	4456	278	57
4	4456	278	23
4	4456	278	44
4	4532	282	11
4	4532	282	71
4	4567	284	37
4	4567	284	11
4	4583	285	35
4	4596	286	9
4	4609	287	59
4	4628	288	39
4	4628	288	72
4	4644	289	3
4	4669	290	49
4	4669	290	50
4	4669	290	35
4	4669	290	73
4	4669	290	63
4	4730	294	26
4	4730	294	40
4	4749	295	17
4	4789	296	14
4	4789	296	1
4	4789	296	17
4	4789	296	29
4	4789	296	51
4	4802	297	25
4	4818	298	37
4	4818	298	23
5	21	1	47
5	31	2	0
5	41	3	0
5	51	4	0
5	64	5	0
5	74	6	0
5	84	7	56
5	103	8	70
5	116	9	0
5	135	10	0
5	163	11	136
5	176	12	0
5	195	13	0
5	214	14	0
5	227	15	0
5	237	16	0
5	250	17	0
5	266	18	115
5	285	19	151
5	310	20	135
5	329	21	0
5	348	22	57
5	361	23	0
5	371	24	0
5	387	25	1
5	403	26	56
5	419	27	22
5	441	28	96
5	451	29	0
5	470	30	96
5	486	31	114
5	505	32	0
5	524	33	40
5	546	34	117
5	559	35	59
5	578	36	0
5	597	37	0
5	619	38	74
5	635	39	43
5	654	40	46
5	676	41	34
5	686	42	33
5	705	43	29
5	721	44	4
5	743	45	58
5	753	46	0
5	766	47	51
5	779	48	18
5	792	49	0
5	805	50	0
5	821	51	74
5	831	52	0
5	856	53	133
5	869	54	0
5	885	55	23
5	895	56	68
5	911	57	63
5	921	58	0
5	934	59	63
5	950	60	0
5	972	61	0
5	985	62	24
5	995	63	57
5	1011	64	71
5	1027	65	146
5	1049	66	147
5	1062	67	0
5	1084	68	60
5	1106	69	61
5	1116	70	38
5	1135	71	73
5	1154	72	60
5	1167	73	0
5	1180	74	0
5	1196	75	55
5	1215	76	36
5	1234	77	55
5	1256	78	41
5	1269	79	59
5	1282	80	10
5	1298	81	54
5	1311	82	0
5	1327	83	69
5	1352	84	127
5	1371	85	5
5	1384	86	40
5	1391	87	0
5	1404	88	0
5	1423	89	0
5	1436	90	55
5	1443	91	0
5	1459	92	71
5	1475	93	109
5	1491	94	54
5	1507	95	23
5	1535	96	151
5	1557	97	30
5	1567	98	0
5	1580	99	0
5	1608	100	20
5	1630	101	0
5	1646	102	0
5	1674	103	230
5	1690	104	65
5	1703	105	140
5	1710	106	0
5	1717	107	0
5	1733	108	68
5	1740	109	0
5	1753	110	31
5	1772	111	0
5	1788	112	145
5	1813	113	81
5	1823	114	11
5	1836	115	58
5	1843	116	0
5	1856	117	0
5	1863	118	0
5	1882	119	46
5	1898	120	0
5	1926	121	160
5	1942	122	29
5	1958	123	65
5	1977	124	0
5	1993	125	0
5	2006	126	38
5	2028	127	59
5	2044	128	38
5	2069	129	80
5	2085	130	75
5	2098	131	55
5	2120	132	99
5	2133	133	3
5	2146	134	0
5	2165	135	20
5	2175	136	0
5	2182	137	0
5	2204	138	69
5	2217	139	0
5	2230	140	0
5	2243	141	52
5	2253	142	0
5	2266	143	28
5	2288	144	132
5	2304	145	63
5	2314	146	0
5	2333	147	8
5	2343	148	28
5	2362	149	55
5	2381	150	17
5	2391	151	27
5	2401	152	0
5	2417	153	0
5	2433	154	71
5	2458	155	58
5	2471	156	87
5	2499	157	16
5	2518	158	36
5	2528	159	0
5	2541	160	64
5	2557	161	0
5	2579	162	54
5	2598	163	3
5	2614	164	24
5	2633	165	22
5	2646	166	38
5	2662	167	83
5	2675	168	0
5	2694	169	138
5	2710	170	0
5	2726	171	0
5	2742	172	54
5	2761	173	21
5	2771	174	55
5	2781	175	0
5	2797	176	67
5	2816	177	0
5	2829	178	0
5	2842	179	86
5	2858	180	56
5	2871	181	21
5	2893	182	93
5	2909	183	0
5	2922	184	41
5	2929	185	0
5	2942	186	0
5	2967	187	93
5	2983	188	20
5	2993	189	58
5	3015	190	0
5	3031	191	16
5	3047	192	69
5	3060	193	55
5	3082	194	55
5	3098	195	0
5	3111	196	0
5	3133	197	30
5	3149	198	38
5	3177	199	62
5	3184	200	0
5	3203	201	70
5	3222	202	87
5	3235	203	43
5	3254	204	100
5	3264	205	0
5	3280	206	17
5	3296	207	20
5	3315	208	57
5	3328	209	0
5	3341	210	0
5	3357	211	21
5	3376	212	40
5	3386	213	72
5	3408	214	18
5	3430	215	117
5	3440	216	0
5	3456	217	40
5	3466	218	0
5	3479	219	60
5	3495	220	31
5	3505	221	66
5	3518	222	0
5	3534	223	0
5	3550	224	0
5	3557	225	0
5	3576	226	102
5	3592	227	126
5	3602	228	0
5	3612	229	17
5	3622	230	0
5	3638	231	0
5	3657	232	50
5	3670	233	28
5	3686	234	58
5	3705	235	186
5	3721	236	3
5	3734	237	8
5	3744	238	42
5	3757	239	0
5	3782	240	97
5	3798	241	3
5	3811	242	97
5	3842	243	24
5	3861	244	252
5	3868	245	0
5	3887	246	0
5	3903	247	112
5	3922	248	22
5	3932	249	29
5	3948	250	0
5	3967	251	0
5	3983	252	11
5	3996	253	0
5	4018	254	32
5	4034	255	192
5	4047	256	11
5	4075	257	64
5	4085	258	0
5	4098	259	0
5	4129	260	59
5	4157	261	71
5	4179	262	46
5	4192	263	0
5	4211	264	55
5	4230	265	28
5	4246	266	68
5	4265	267	57
5	4284	268	0
5	4300	269	13
5	4331	270	91
5	4344	271	43
5	4357	272	0
5	4373	273	66
5	4395	274	38
5	4405	275	0
5	4418	276	70
5	4431	277	112
5	4456	278	238
5	4475	279	0
5	4494	280	0
5	4522	281	0
5	4532	282	82
5	4542	283	0
5	4567	284	48
5	4583	285	35
5	4596	286	9
5	4609	287	59
5	4628	288	111
5	4644	289	3
5	4669	290	270
5	4682	291	0
5	4698	292	0
5	4708	293	0
5	4730	294	66
5	4749	295	17
5	4789	296	112
5	4802	297	25
5	4818	298	60
5	4831	299	0
5	4847	300	0
6	22	1	0.19637188925
6	22	1	0.222640126097
6	22	1	0.427308010373
6	52	4	0.514853628794
6	65	5	0.717095704894
6	104	8	0.194251014094
6	104	8	0.765751332217
6	117	9	0.531149708956
6	136	10	0.599336522716
6	136	10	0.985788191738
6	164	11	0.80164741347
6	164	11	1.030618708202
6	164	11	1.198359099392
6	177	12	0.601458476897
6	196	13	0.151832191424
6	196	13	0.508013938829
6	196	13	0.635791111755
6	215	14	0.48790217256
6	228	15	0.175849151221
6	228	15	1.177528206939
6	238	16	0.20527689308
6	267	18	0.500281798959
6	286	19	0.747082890449
6	311	20	0.453607104593
6	311	20	0.598147378712
6	330	21	0.042654494916
6	330	21	0.763333456234
6	349	22	0.158838264493
6	362	23	0.954958147532
6	372	24	0.682869833405
6	388	25	0.144192540641
6	404	26	0.845115010595
6	442	28	0.131020750022
6	442	28	0.921135579425
6	452	29	0.449333966718
6	471	30	0.926253841491
6	487	31	0.051798454771
6	506	32	0.774021733929
6	506	32	0.857018059435
6	560	35	0.279642453603
6	579	36	0.156007942758
6	579	36	0.223523160412
6	579	36	0.575947664398
6	598	37	0.032654299017
6	598	37	0.134167692708
6	598	37	0.257684623803
6	598	37	0.816514799934
6	620	38	0.014300574961
6	620	38	0.69609201258
6	620	38	0.832094996207
6	636	39	0.106113648321
6	655	40	0.271943931404
6	677	41	0.651820231641
6	677	41	0.764928108131
6	677	41	1.015745017955
6	687	42	0.19299312754
6	706	43	0.083027455539
6	706	43	0.944139119034
6	722	44	0.468801258751
6	722	44	0.652511756998
6	744	45	0.154734097892
6	744	45	0.38005906046
6	744	45	0.838088853436
6	754	46	0.522355373657
6	767	47	0.499573691886
6	780	48	0.43748757946
6	793	49	0.777640094803
6	806	50	0.202169973993
6	822	51	0.498494127155
6	832	52	0.410638392205
6	857	53	0.921423155345
6	870	54	0.972015838493
6	886	55	0.39389512003
6	951	60	0.699675452563
6	973	61	0.366991408062
6	973	61	0.527823267773
6	973	61	0.704916838193
6	973	61	0.832164925578
6	986	62	0.160507642186
6	1012	64	0.248063959788
6	1085	68	0.196018638329
6	1085	68	0.908401401679
6	1107	69	0.25788736208
6	1107	69	0.502854729679
6	1136	71	0.054966057198
6	1216	76	0.054336748391
6	1235	77	0.257602562715
6	1235	77	0.636373376795
6	1257	78	0.120857472775
6	1257	78	0.420252098213
6	1270	79	0.563034639095
6	1299	81	0.332607804986
6	1299	81	0.906634644045
6	1312	82	0.896154421579
6	1328	83	0.397545698175
6	1353	84	0.76672993318
6	1372	85	0.679267976739
6	1372	85	0.99971191049
6	1405	88	0.605742312014
6	1424	89	0.005262213771
6	1437	90	0.21954315877
6	1460	92	0.451128806315
6	1460	92	0.536790099586
6	1508	95	0.036630294546
6	1508	95	0.492876821404
6	1558	97	0.305676315096
6	1581	99	0.402870181135
6	1609	100	0.157637791992
6	1609	100	0.678976902879
6	1631	101	0.880316727872
6	1631	101	0.907895927957
6	1647	102	0.223481289714
6	1647	102	0.507406743032
6	1675	103	0.589156058075
6	1675	103	0.658660883777
6	1704	105	0.397183944146
6	1754	110	0.305553789077
6	1814	113	0.472054255444
6	1857	117	0.24677309205
6	1857	117	0.945962993015
6	1883	119	0.636042591791
6	1899	120	0.425239725865
6	1927	121	0.504395847961
6	1943	122	0.278375090554
6	1978	124	0.174482793094
6	1978	124	0.830376107211
6	1994	125	0.989085977677
6	2045	128	0.415578510086
6	2045	128	0.762335984207
6	2070	129	0.11793544579
6	2070	129	0.860413380937
6	2086	130	0.287010814621
6	2086	130	0.728037217054
6	2121	132	0.80506513893
6	2121	132	0.851820288448
6	2147	134	0.107531037149
6	2205	138	0.023922125798
6	2231	140	0.781841553659
6	2244	141	0.470969762323
6	2244	141	1.199600630574
6	2254	142	0.769789524832
6	2289	144	0.220666731823
6	2289	144	0.611550639564
6	2305	145	0.113290819564
6	2305	145	0.414051041417
6	2315	146	0.260813740671
6	2334	147	0.270837797419
6	2334	147	0.771603016051
6	2363	149	0.486945897846
6	2402	152	0.875839788785
6	2418	153	0.058876645778
6	2418	153	0.535639977035
6	2418	153	0.541199825418
6	2459	155	0.302312161678
6	2459	155	0.741986216103
6	2459	155	0.755089022171
6	2500	157	0.15245002907
6	2500	157	0.466323865565
6	2500	157	0.705766073918
6	2519	158	0.702990075312
6	2529	159	0.829076394702
6	2558	161	0.245497346207
6	2558	161	0.696994703855
6	2558	161	0.722877743549
6	2580	162	0.160190085677
6	2599	163	0.460608413939
6	2615	164	0.970363827872
6	2634	165	0.511549273038
6	2647	166	0.824237443292
6	2676	168	0.365284209038
6	2695	169	0.829301733029
6	2711	170	0.078484538178
6	2727	171	0.115762132918
6	2727	171	0.646359333632
6	2743	172	0.315078950233
6	2762	173	0.318546630558
6	2817	177	0.171856453181
6	2817	177	0.291514488161
6	2817	177	0.709930506431
6	2830	178	0.315289006968
6	2830	178	0.691086371519
6	2872	181	0.032952063884
6	2894	182	0.990255702526
6	2910	183	0.948928179855
6	2923	184	0.607990457978
6	2968	187	0.441572543797
6	2984	188	0.370052764876
6	3016	190	0.24102821843
6	3016	190	0.501595851146
6	3016	190	0.743203504618
6	3032	191	0.701882957654
6	3061	193	0.588247156363
6	3083	194	0.555866527288
6	3099	195	0.658161105577
6	3112	196	0.574985088523
6	3134	197	0.032400613262
6	3150	198	0.08590034695
6	3150	198	0.845496011848
6	3204	201	0.951772569784
6	3255	204	0.500631331649
6	3281	206	0.139959893881
6	3281	206	0.995516686778
6	3297	207	0.348267950004
6	3297	207	0.996142395231
6	3329	209	0.316346203658
6	3342	210	0.769654396806
6	3358	211	0.38823661288
6	3377	212	0.474492703758
6	3409	214	0.759411501105
6	3409	214	0.872101628106
6	3431	215	0.023120711055
6	3431	215	0.26622005805
6	3431	215	0.515756247266
6	3431	215	0.975583894361
6	3467	218	0.516475798343
6	3496	220	0.870316115277
6	3506	221	0.973620702733
6	3519	222	0.373040501724
6	3535	223	0.139382086448
6	3535	223	0.948028727371
6	3551	224	0.833157796233
6	3577	226	0.577973915354
6	3603	228	0.125548278317
6	3639	231	0.478500499847
6	3658	232	0.934229323738
6	3706	235	0.134043230383
6	3722	236	0.357098028123
6	3758	239	0.859486348728
6	3783	240	0.881030603899
6	3783	240	0.921864301662
6	3799	241	0.130893806774
6	3843	243	0.811051805746
6	3862	244	0.834046746883
6	3888	246	0.372631529346
6	3888	246	0.567080924526
6	3923	248	0.553518039278
6	3933	249	0.658848486322
6	3949	250	0.218092783195
6	3949	250	0.88999948366
6	3968	251	0.036620236792
6	3968	251	0.830489326432
6	3984	252	0.530360851425
6	3997	253	0.003030965048
6	3997	253	0.3279846964
6	4019	254	0.72091847216
6	4076	257	0.021267137431
6	4076	257	0.138456388516
6	4076	257	0.761597412683
6	4076	257	0.968163069777
6	4099	259	0.108769789632
6	4130	260	0.538824889794
6	4130	260	0.538948481608
6	4130	260	0.549251416293
6	4130	260	0.788482900925
6	4158	261	0.099001213413
6	4158	261	0.448803124813
6	4158	261	0.546301589668
6	4180	262	0.699111548807
6	4180	262	0.906488233166
6	4193	263	0.875656822734
6	4193	263	0.9757954956
6	4231	265	0.421739573202
6	4231	265	0.755473690355
6	4266	267	0.643614419066
6	4266	267	0.885589654818
6	4285	268	0.888972239342
6	4301	269	0.568392415791
6	4301	269	0.595130869528
6	4301	269	1.232672796603
6	4301	269	1.552654765474
6	4332	270	0.771002275321
6	4358	272	0.733020314229
6	4396	274	0.867960077503
6	4406	275	1.545772319924
6	4457	278	0.079519700664
6	4476	279	0.168487864656
6	4476	279	0.872517313197
6	4476	279	0.922619828866
6	4495	280	0.496257734769
6	4495	280	0.904368335478
6	4523	281	0.112890886551
6	4523	281	0.28899171249
6	4523	281	0.465365511733
6	4533	282	0.865339404327
6	4568	284	0.823995690292
6	4584	285	0.012945436599
6	4597	286	0.767808771851
6	4610	287	0.493599379935
6	4629	288	0.086891637412
6	4629	288	0.139752676059
6	4645	289	0.028402031389
6	4670	290	0.052169309958
6	4699	292	0.079292685675
6	4699	292	0.111038866658
6	4699	292	0.448288357675
6	4731	294	0.403811378359
6	4750	295	0.353621940929
6	4750	295	1.142999671732
6	4790	296	0.007787793629
6	4790	296	0.024029239929
6	4790	296	0.115664938939
6	4790	296	0.134103933098
6	4803	297	0.976720692283
6	4832	299	0.242802871799
6	4848	300	0.80098244317
7	22	1	74
7	22	1	17
7	22	1	62
7	52	4	9
7	65	5	63
7	104	8	31
7	104	8	28
7	117	9	8
7	136	10	54
7	136	10	16
7	164	11	66
7	164	11	45
7	164	11	28
7	177	12	48
7	196	13	10
7	196	13	19
7	196	13	31
7	215	14	42
7	228	15	2
7	228	15	63
7	238	16	17
7	267	18	6
7	286	19	59
7	311	20	5
7	311	20	1
7	330	21	52
7	330	21	37
7	349	22	28
7	362	23	32
7	372	24	3
7	388	25	69
7	404	26	39
7	442	28	19
7	442	28	20
7	452	29	8
7	471	30	31
7	487	31	63
7	506	32	68
7	506	32	12
7	560	35	66
7	579	36	28
7	579	36	4
7	579	36	56
7	598	37	17
7	598	37	8
7	598	37	34
7	598	37	30
7	620	38	10
7	620	38	32
7	620	38	15
7	636	39	39
7	655	40	48
7	677	41	35
7	677	41	6
7	677	41	17
7	687	42	46
7	706	43	25
7	706	43	60
7	722	44	32
7	722	44	14
7	744	45	6
7	744	45	45
7	744	45	33
7	754	46	15
7	767	47	48
7	780	48	1
7	793	49	8
7	806	50	17
7	822	51	65
7	832	52	9
7	857	53	45
7	870	54	38
7	886	55	6
7	951	60	23
7	973	61	30
7	973	61	61
7	973	61	70
7	973	61	53
7	986	62	71
7	1012	64	36
7	1085	68	50
7	1085	68	21
7	1107	69	33
7	1107	69	73
7	1136	71	14
7	1216	76	19
7	1235	77	23
7	1235	77	53
7	1257	78	50
7	1257	78	59
7	1270	79	5
7	1299	81	42
7	1299	81	37
7	1312	82	21
7	1328	83	33
7	1353	84	11
7	1372	85	16
7	1372	85	32
7	1405	88	23
7	1424	89	71
7	1437	90	10
7	1460	92	15
7	1460	92	64
7	1508	95	58
7	1508	95	67
7	1558	97	20
7	1581	99	65
7	1609	100	9
7	1609	100	9
7	1631	101	13
7	1631	101	72
7	1647	102	60
7	1647	102	21
7	1675	103	75
7	1675	103	73
7	1704	105	73
7	1754	110	33
7	1814	113	16
7	1857	117	36
7	1857	117	70
7	1883	119	63
7	1899	120	44
7	1927	121	1
7	1943	122	3
7	1978	124	66
7	1978	124	3
7	1994	125	46
7	2045	128	24
7	2045	128	2
7	2070	129	20
7	2070	129	51
7	2086	130	25
7	2086	130	55
7	2121	132	74
7	2121	132	65
7	2147	134	2
7	2205	138	10
7	2231	140	65
7	2244	141	40
7	2244	141	24
7	2254	142	69
7	2289	144	70
7	2289	144	37
7	2305	145	19
7	2305	145	37
7	2315	146	35
7	2334	147	36
7	2334	147	31
7	2363	149	30
7	2402	152	2
7	2418	153	35
7	2418	153	1
7	2418	153	21
7	2459	155	41
7	2459	155	31
7	2459	155	52
7	2500	157	54
7	2500	157	70
7	2500	157	75
7	2519	158	20
7	2529	159	47
7	2558	161	18
7	2558	161	58
7	2558	161	27
7	2580	162	65
7	2599	163	29
7	2615	164	9
7	2634	165	15
7	2647	166	65
7	2676	168	32
7	2695	169	46
7	2711	170	6
7	2727	171	42
7	2727	171	27
7	2743	172	29
7	2762	173	36
7	2817	177	24
7	2817	177	4
7	2817	177	56
7	2830	178	3
7	2830	178	4
7	2872	181	55
7	2894	182	39
7	2910	183	19
7	2923	184	72
7	2968	187	65
7	2984	188	36
7	3016	190	31
7	3016	190	2
7	3016	190	38
7	3032	191	32
7	3061	193	7
7	3083	194	8
7	3099	195	36
7	3112	196	10
7	3134	197	8
7	3150	198	32
7	3150	198	55
7	3204	201	15
7	3255	204	5
7	3281	206	69
7	3281	206	75
7	3297	207	18
7	3297	207	68
7	3329	209	12
7	3342	210	31
7	3358	211	27
7	3377	212	9
7	3409	214	62
7	3409	214	52
7	3431	215	10
7	3431	215	26
7	3431	215	75
7	3431	215	53
7	3467	218	32
7	3496	220	40
7	3506	221	60
7	3519	222	23
7	3535	223	45
7	3535	223	59
7	3551	224	16
7	3577	226	16
7	3603	228	58
7	3639	231	47
7	3658	232	20
7	3706	235	46
7	3722	236	52
7	3758	239	17
7	3783	240	31
7	3783	240	27
7	3799	241	15
7	3843	243	9
7	3862	244	58
7	3888	246	60
7	3888	246	41
7	3923	248	59
7	3933	249	11
7	3949	250	59
7	3949	250	7
7	3968	251	55
7	3968	251	74
7	3984	252	34
7	3997	253	19
7	3997	253	25
7	4019	254	21
7	4076	257	25
7	4076	257	46
7	4076	257	6
7	4076	257	47
7	4099	259	39
7	4130	260	18
7	4130	260	6
7	4130	260	2
7	4130	260	13
7	4158	261	27
7	4158	261	57
7	4158	261	12
7	4180	262	58
7	4180	262	43
7	4193	263	9
7	4193	263	49
7	4231	265	40
7	4231	265	11
7	4266	267	45
7	4266	267	4
7	4285	268	69
7	4301	269	14
7	4301	269	27
7	4301	269	32
7	4301	269	56
7	4332	270	55
7	4358	272	11
7	4396	274	34
7	4406	275	65
7	4457	278	37
7	4476	279	73
7	4476	279	1
7	4476	279	61
7	4495	280	27
7	4495	280	25
7	4523	281	64
7	4523	281	30
7	4523	281	6
7	4533	282	19
7	4568	284	56
7	4584	285	7
7	4597	286	46
7	4610	287	47
7	4629	288	63
7	4629	288	59
7	4645	289	3
7	4670	290	23
7	4699	292	6
7	4699	292	39
7	4699	292	56
7	4731	294	50
7	4750	295	16
7	4750	295	59
7	4790	296	54
7	4790	296	60
7	4790	296	19
7	4790	296	49
7	4803	297	19
7	4832	299	37
7	4848	300	37
8	22	1	153
8	32	2	0
8	42	3	0
8	52	4	9
8	65	5	63
8	75	6	0
8	85	7	0
8	104	8	59
8	117	9	8
8	136	10	70
8	164	11	139
8	177	12	48
8	196	13	60
8	215	14	42
8	228	15	65
8	238	16	17
8	251	17	0
8	267	18	6
8	286	19	59
8	311	20	6
8	330	21	89
8	349	22	28
8	362	23	32
8	372	24	3
8	388	25	69
8	404	26	39
8	420	27	0
8	442	28	39
8	452	29	8
8	471	30	31
8	487	31	63
8	506	32	80
8	525	33	0
8	547	34	0
8	560	35	66
8	579	36	88
8	598	37	89
8	620	38	57
8	636	39	39
8	655	40	48
8	677	41	58
8	687	42	46
8	706	43	85
8	722	44	46
8	744	45	84
8	754	46	15
8	767	47	48
8	780	48	1
8	793	49	8
8	806	50	17
8	822	51	65
8	832	52	9
8	857	53	45
8	870	54	38
8	886	55	6
8	896	56	0
8	912	57	0
8	922	58	0
8	935	59	0
8	951	60	23
8	973	61	214
8	986	62	71
8	996	63	0
8	1012	64	36
8	1028	65	0
8	1050	66	0
8	1063	67	0
8	1085	68	71
8	1107	69	106
8	1117	70	0
8	1136	71	14
8	1155	72	0
8	1168	73	0
8	1181	74	0
8	1197	75	0
8	1216	76	19
8	1235	77	76
8	1257	78	109
8	1270	79	5
8	1283	80	0
8	1299	81	79
8	1312	82	21
8	1328	83	33
8	1353	84	11
8	1372	85	48
8	1385	86	0
8	1392	87	0
8	1405	88	23
8	1424	89	71
8	1437	90	10
8	1444	91	0
8	1460	92	79
8	1476	93	0
8	1492	94	0
8	1508	95	125
8	1536	96	0
8	1558	97	20
8	1568	98	0
8	1581	99	65
8	1609	100	18
8	1631	101	85
8	1647	102	81
8	1675	103	148
8	1691	104	0
8	1704	105	73
8	1711	106	0
8	1718	107	0
8	1734	108	0
8	1741	109	0
8	1754	110	33
8	1773	111	0
8	1789	112	0
8	1814	113	16
8	1824	114	0
8	1837	115	0
8	1844	116	0
8	1857	117	106
8	1864	118	0
8	1883	119	63
8	1899	120	44
8	1927	121	1
8	1943	122	3
8	1959	123	0
8	1978	124	69
8	1994	125	46
8	2007	126	0
8	2029	127	0
8	2045	128	26
8	2070	129	71
8	2086	130	80
8	2099	131	0
8	2121	132	139
8	2134	133	0
8	2147	134	2
8	2166	135	0
8	2176	136	0
8	2183	137	0
8	2205	138	10
8	2218	139	0
8	2231	140	65
8	2244	141	64
8	2254	142	69
8	2267	143	0
8	2289	144	107
8	2305	145	56
8	2315	146	35
8	2334	147	67
8	2344	148	0
8	2363	149	30
8	2382	150	0
8	2392	151	0
8	2402	152	2
8	2418	153	57
8	2434	154	0
8	2459	155	124
8	2472	156	0
8	2500	157	199
8	2519	158	20
8	2529	159	47
8	2542	160	0
8	2558	161	103
8	2580	162	65
8	2599	163	29
8	2615	164	9
8	2634	165	15
8	2647	166	65
8	2663	167	0
8	2676	168	32
8	2695	169	46
8	2711	170	6
8	2727	171	69
8	2743	172	29
8	2762	173	36
8	2772	174	0
8	2782	175	0
8	2798	176	0
8	2817	177	84
8	2830	178	7
8	2843	179	0
8	2859	180	0
8	2872	181	55
8	2894	182	39
8	2910	183	19
8	2923	184	72
8	2930	185	0
8	2943	186	0
8	2968	187	65
8	2984	188	36
8	2994	189	0
8	3016	190	71
8	3032	191	32
8	3048	192	0
8	3061	193	7
8	3083	194	8
8	3099	195	36
8	3112	196	10
8	3134	197	8
8	3150	198	87
8	3178	199	0
8	3185	200	0
8	3204	201	15
8	3223	202	0
8	3236	203	0
8	3255	204	5
8	3265	205	0
8	3281	206	144
8	3297	207	86
8	3316	208	0
8	3329	209	12
8	3342	210	31
8	3358	211	27
8	3377	212	9
8	3387	213	0
8	3409	214	114
8	3431	215	164
8	3441	216	0
8	3457	217	0
8	3467	218	32
8	3480	219	0
8	3496	220	40
8	3506	221	60
8	3519	222	23
8	3535	223	104
8	3551	224	16
8	3558	225	0
8	3577	226	16
8	3593	227	0
8	3603	228	58
8	3613	229	0
8	3623	230	0
8	3639	231	47
8	3658	232	20
8	3671	233	0
8	3687	234	0
8	3706	235	46
8	3722	236	52
8	3735	237	0
8	3745	238	0
8	3758	239	17
8	3783	240	58
8	3799	241	15
8	3812	242	0
8	3843	243	9
8	3862	244	58
8	3869	245	0
8	3888	246	101
8	3904	247	0
8	3923	248	59
8	3933	249	11
8	3949	250	66
8	3968	251	129
8	3984	252	34
8	3997	253	44
8	4019	254	21
8	4035	255	0
8	4048	256	0
8	4076	257	124
8	4086	258	0
8	4099	259	39
8	4130	260	39
8	4158	261	96
8	4180	262	101
8	4193	263	58
8	4212	264	0
8	4231	265	51
8	4247	266	0
8	4266	267	49
8	4285	268	69
8	4301	269	129
8	4332	270	55
8	4345	271	0
8	4358	272	11
8	4374	273	0
8	4396	274	34
8	4406	275	65
8	4419	276	0
8	4432	277	0
8	4457	278	37
8	4476	279	135
8	4495	280	52
8	4523	281	100
8	4533	282	19
8	4543	283	0
8	4568	284	56
8	4584	285	7
8	4597	286	46
8	4610	287	47
8	4629	288	122
8	4645	289	3
8	4670	290	23
8	4683	291	0
8	4699	292	101
8	4709	293	0
8	4731	294	50
8	4750	295	75
8	4790	296	182
8	4803	297	19
8	4819	298	0
8	4832	299	37
8	4848	300	37

